[6, 6, 6]
[18, 18, 18]
[18, 18, 18, 18, 18, 18]
[18, 18, 18, 18, 18, 13]
[28, 28, 28, 13, 28, 28]
[18, 18, 18, 18, 18]
[18, 18, 18, 18, 18]
[18, 18, 18, 18, 18, 18, 18, 18, 18, 18, 18]
[18, 18, 18, 18, 18, 18, 18, 18, 18, 18, 18]
[28, 28, 28, 13, 28, 28, 28, 28]
[28, 28, 28, 13, 28, 28, 28, 28]
[13, 13, 13, 13, 13, 13, 13, 13]
[13, 13, 13, 13, 13, 13, 28, 13]
[28, 28, 28, 13, 13]
[28, 28, 28, 13, 13]
[28, 28, 28]
[28, 28, 28, 28, 13, 28, 28, 13, 28, 13, 28, 13, 28]
[28, 28, 28, 13, 13, 13, 28, 13, 28, 13, 28, 13, 28]
[13, 13, 13, 13, 13, 13, 13, 13, 13, 13, 13]
[13, 13, 13, 13, 13, 13, 13, 13, 13, 13, 13]
[11, 11, 11, 11]
[11, 11, 11, 11]
[13, 13, 13, 13]
[13, 13, 13, 13]
[18, 18, 18]
[18, 18, 18]
[13, 13, 13, 13, 13, 13, 13, 13]
[13, 13, 13, 13, 13, 13, 13, 13]
[18, 18, 18, 18]
[18, 18, 18, 18]
[13, 13, 13, 13, 13, 13]
[13, 13, 13, 13, 13, 13]
[13, 13, 18, 18, 18, 13, 13]
[18, 18, 18, 18, 18, 18, 18]
[11, 11, 11]
[11, 11, 11]
[28, 28, 28, 28]
[28, 28, 28, 28]
[19, 19, 19, 19, 19]
[19, 19, 18, 19, 13]
[13, 28, 28, 13]
[13, 28, 28, 13]
[28, 28, 28, 28]
[28, 28, 28, 28]
[28, 13, 13, 33, 28, 18, 13]
[28, 13, 13, 33, 13, 18, 13]
[28, 28, 28]
[28, 28, 28]
[13, 13, 28, 13]
[33, 33, 33, 33]
[33, 33, 33, 33]
[33, 33, 33, 33]
[33, 33, 33, 33, 33, 33, 33, 33, 33, 33, 33]
[33, 33, 33, 33, 33, 33, 33, 33, 33, 33, 33]
[33, 33, 33]
[33, 33, 33]
[33, 33, 33, 33, 33]
[33, 33, 33, 33, 33]
[33, 33, 33, 33, 33]
[33, 33, 33, 33, 33]
[33, 33, 33]
[33, 33, 33]
[33, 33, 33, 33, 33, 33, 33, 33]
[33, 33, 33, 33, 33, 33, 33, 33]
[33, 33, 33, 33, 33]
[33, 33, 33, 33, 33]
[33, 33, 33, 33]
[33, 33, 33, 33]
[19, 19, 19, 19, 19]
[19, 19, 19, 19, 19]
[19, 19, 19, 19]
[19, 19, 19, 19]
[33, 33, 33, 33, 33]
[33, 33, 33, 33, 33]
[33, 33, 33, 33]
[33, 18, 33, 18]
[33, 33, 33, 33, 33, 33]
[33, 33, 33, 33, 33, 33]
[19, 19, 19, 19, 19]
[19, 19, 19, 19, 19]
[33, 33, 33, 33]
[0, 0, 0, 0]
[18, 18, 18, 33, 18]
[33, 18, 18, 33, 18]
[19, 19, 19]
[19, 19, 19]
[19, 19, 19, 19, 19, 19]
[19, 19, 19, 19, 19, 19]
[0, 0, 0, 0]
[0, 0, 0, 0]
[33, 0, 19, 19, 19, 0]
[33, 0, 19, 19, 19, 0]
[0, 11, 11, 11, 0, 11, 11]
[0, 11, 11, 11, 0, 11, 0]
[19, 19, 19, 19]
[19, 19, 19, 19]
[11, 11, 11, 11, 11, 11, 11, 11, 11, 11, 11]
[0, 11, 11, 11, 11, 11, 11, 11, 11, 11, 11]
[0, 0, 0, 0, 0]
[0, 0, 0, 0, 0]
